45 687
1 3
1 5
1 6
1 7
1 9
1 10
1 11
1 12
1 13
1 15
1 16
1 18
1 19
1 20
1 22
1 23
1 24
1 25
1 27
1 28
1 29
1 30
1 31
1 32
1 33
1 35
1 36
1 37
1 38
1 39
1 40
1 41
1 43
1 44
2 3
2 4
2 6
2 9
2 12
2 13
2 14
2 15
2 16
2 17
2 18
2 19
2 23
2 24
2 25
2 26
2 27
2 30
2 31
2 32
2 33
2 36
2 38
2 39
2 41
2 44
2 45
3 5
3 6
3 8
3 9
3 10
3 11
3 12
3 13
3 14
3 15
3 16
3 20
3 22
3 24
3 25
3 26
3 28
3 29
3 31
3 32
3 33
3 36
3 39
3 41
3 43
3 45
4 6
4 7
4 8
4 9
4 10
4 11
4 13
4 14
4 15
4 16
4 17
4 18
4 21
4 23
4 25
4 29
4 30
4 31
4 32
4 33
4 34
4 35
4 36
4 38
4 39
4 40
4 41
4 42
4 43
4 44
4 45
5 9
5 15
5 17
5 18
5 21
5 22
5 23
5 27
5 28
5 29
5 30
5 31
5 32
5 33
5 34
5 36
5 38
5 39
5 40
5 42
5 45
6 7
6 8
6 9
6 10
6 11
6 12
6 14
6 15
6 16
6 17
6 18
6 19
6 20
6 21
6 22
6 23
6 25
6 26
6 27
6 28
6 29
6 30
6 31
6 32
6 33
6 34
6 36
6 37
6 40
6 41
6 42
6 43
6 44
6 45
7 8
7 9
7 10
7 11
7 12
7 13
7 14
7 16
7 18
7 19
7 20
7 21
7 22
7 24
7 25
7 27
7 28
7 29
7 31
7 32
7 33
7 35
7 38
7 40
7 41
7 43
7 44
7 45
8 9
8 11
8 13
8 14
8 15
8 16
8 18
8 19
8 23
8 24
8 25
8 26
8 27
8 28
8 29
8 30
8 31
8 33
8 34
8 35
8 36
8 37
8 38
8 39
8 42
8 44
9 10
9 11
9 12
9 14
9 16
9 18
9 19
9 20
9 21
9 22
9 23
9 24
9 25
9 26
9 27
9 28
9 29
9 30
9 31
9 32
9 33
9 34
9 35
9 36
9 38
9 39
9 41
9 42
9 43
9 45
10 12
10 13
10 14
10 15
10 16
10 17
10 19
10 20
10 24
10 25
10 26
10 27
10 30
10 32
10 33
10 34
10 37
10 38
10 39
10 40
10 43
10 44
10 45
11 13
11 14
11 15
11 16
11 17
11 18
11 20
11 22
11 24
11 25
11 28
11 29
11 30
11 31
11 32
11 33
11 35
11 36
11 37
11 39
11 40
11 41
11 43
11 44
11 45
12 13
12 14
12 18
12 19
12 20
12 21
12 23
12 24
12 25
12 26
12 27
12 28
12 29
12 30
12 32
12 34
12 36
12 39
12 40
12 41
12 44
12 45
13 14
13 15
13 17
13 20
13 22
13 23
13 24
13 25
13 26
13 27
13 28
13 30
13 31
13 32
13 33
13 34
13 36
13 37
13 38
13 39
13 40
13 42
13 45
14 15
14 18
14 19
14 20
14 23
14 24
14 25
14 27
14 28
14 29
14 30
14 31
14 32
14 33
14 35
14 37
14 39
14 42
14 45
15 16
15 17
15 18
15 19
15 20
15 21
15 22
15 24
15 25
15 26
15 29
15 30
15 32
15 33
15 34
15 35
15 37
15 38
15 39
15 40
15 42
15 44
15 45
16 17
16 20
16 22
16 24
16 25
16 26
16 27
16 28
16 31
16 33
16 34
16 35
16 37
16 39
16 41
16 44
16 45
17 20
17 21
17 23
17 24
17 25
17 27
17 28
17 30
17 32
17 35
17 36
17 37
17 39
17 40
17 42
17 43
17 45
18 20
18 21
18 23
18 24
18 25
18 28
18 29
18 31
18 34
18 35
18 36
18 37
18 39
18 40
18 41
18 43
18 44
19 20
19 21
19 22
19 23
19 25
19 26
19 27
19 29
19 30
19 31
19 32
19 35
19 36
19 37
19 38
19 39
19 40
19 43
19 44
20 21
20 22
20 24
20 25
20 26
20 27
20 28
20 29
20 31
20 37
20 38
20 39
20 40
20 41
20 43
20 44
20 45
21 22
21 23
21 25
21 31
21 32
21 33
21 34
21 35
21 36
21 38
21 39
21 41
21 42
21 44
22 23
22 26
22 27
22 28
22 29
22 30
22 31
22 32
22 34
22 35
22 36
22 38
22 39
22 40
22 41
22 42
22 43
22 44
22 45
23 24
23 25
23 29
23 30
23 31
23 32
23 33
23 34
23 36
23 37
23 38
23 40
23 41
23 42
23 44
23 45
24 25
24 28
24 29
24 30
24 33
24 34
24 36
24 37
24 39
24 41
24 42
24 44
24 45
25 26
25 29
25 30
25 31
25 32
25 33
25 34
25 35
25 36
25 41
25 43
25 45
26 27
26 28
26 29
26 32
26 34
26 35
26 36
26 37
26 39
26 40
26 42
26 43
26 44
27 30
27 34
27 35
27 36
27 38
27 40
27 41
27 44
28 29
28 31
28 32
28 33
28 35
28 36
28 37
28 39
28 40
28 41
28 42
28 43
28 44
28 45
29 30
29 32
29 33
29 34
29 36
29 37
29 38
29 39
29 41
29 43
29 44
29 45
30 31
30 32
30 33
30 34
30 36
30 37
30 38
30 40
30 41
30 42
30 43
31 32
31 33
31 34
31 37
31 39
31 40
31 41
31 44
31 45
32 33
32 35
32 36
32 37
32 38
32 39
32 40
32 42
32 43
32 44
32 45
33 34
33 35
33 36
33 39
33 41
33 42
33 43
33 44
33 45
34 35
34 38
34 39
34 42
34 43
34 45
35 36
35 37
35 38
35 39
35 40
35 41
35 43
35 44
35 45
36 38
36 39
36 40
36 41
36 43
36 45
37 38
37 39
37 41
37 42
37 43
37 44
37 45
38 39
38 44
38 45
39 40
39 42
39 43
39 45
40 41
40 42
40 43
40 45
41 42
41 43
41 44
42 43
42 44
42 45
43 44
44 45
